$ 1 0.000005 5.023272298708815 64 7 50
165 80 96 96 96 6 12.99999987
r 144 64 16 64 0 100
w 16 64 16 128 0
w 16 128 80 128 0
w 208 128 208 64 0
w 208 64 144 64 0
g 176 256 176 288 0
R 144 64 144 -48 0 0 40 13 0 0 0.5
c 144 256 144 304 0 0.00001 8.666666228729857
g 144 304 144 336 0
w 80 192 32 192 0
w 32 192 32 224 0
w 32 224 80 224 0
174 -32 192 -128 160 1 10000 0.005 Resistance
d -32 192 -32 256 2 default
d -128 256 -128 192 2 default
c -80 160 -80 112 0 1.0000000000000001e-7 8.600154682658836
g -128 112 -128 128 0
w -128 112 -80 112 0
w -128 256 -32 256 0
w -32 256 0 256 0
w 0 256 0 128 0
w 0 128 16 128 0
w 32 192 32 160 0
w 32 160 -80 160 0
w 256 160 208 160 0
f 448 160 560 160 0 4 0.02
g 560 176 560 240 0
181 560 32 560 144 0 374.7906720935265 100 120 0.4 0.4
p 560 32 672 32 1 0
w 560 144 672 144 0
w 672 144 672 32 0
d 496 96 496 32 2 default
w 496 32 560 32 0
w 496 96 496 144 0
w 496 144 560 144 0
w 496 32 208 32 0
w 208 32 208 64 0
r 256 160 448 160 0 10
r 80 -32 80 32 0 22
