$ 1 0.000005 5.023272298708815 64 7 50
O 208 160 272 160 0
165 80 96 96 96 6 0
r 144 64 16 64 0 10000
w 16 64 16 128 0
w 16 128 80 128 0
w 208 128 208 64 0
w 208 64 144 64 0
g 176 256 176 288 0
R 144 64 144 16 0 0 40 10 0 0 0.5
c 144 256 144 288 0 0.00001 6.666666666652851
g 144 288 144 304 0
w 80 192 32 192 0
w 32 192 32 224 0
w 32 224 80 224 0
174 -32 192 -128 160 1 100000 0.9950000000000001 Resistance
d -32 192 -32 256 2 default
d -128 256 -128 192 2 default
c -80 160 -80 112 0 1.0000000000000001e-7 6.239927204353063
g -128 112 -128 128 0
w -128 112 -80 112 0
w -128 256 -32 256 0
w -32 256 0 256 0
w 0 256 0 128 0
w 0 128 16 128 0
w 32 192 32 160 0
w 32 160 -80 160 0
w 256 160 208 160 0
f 448 160 560 160 32 2 0.02
g 560 176 560 240 0
w 208 64 512 64 0
w 512 64 512 32 0
w 512 32 560 32 0
w 448 160 256 160 0
181 560 32 560 144 0 339.80185834360634 100 120 0.4 0.4
p 560 32 688 32 1 0
d 528 112 528 48 2 default
w 528 48 560 48 0
w 528 112 560 112 0
r 560 128 656 128 0 1000
g 656 128 656 160 0
o 0 16 0 4106 10 0.00009765625 0 1
