$ 1 6.25e-11 10.20027730826997 50 5 50
a 144 192 272 192 8 15 -15 1000000 0 0 100000
d 144 96 272 96 2 1N4148
w 272 96 272 192 0
v 64 176 -16 176 0 1 25000000 2.5 0 0 0.5
g -16 176 -16 224 0
g 144 208 144 224 0
w 144 96 144 176 0
r 64 176 144 176 0 1000
r 272 192 352 192 0 1000
w 352 112 352 192 0
w 480 112 480 208 0
d 352 112 480 112 2 1N4148
a 352 208 480 208 8 15 -15 1000000 0 0 100000
g 352 224 352 256 0
g 768 256 768 288 0
a 768 240 896 240 8 15 -15 1000000 0 0 100000
d 768 144 896 144 2 1N4148
w 896 144 896 240 0
w 768 144 768 224 0
r 688 224 768 224 0 1000
r 480 208 560 208 0 1000
w 560 128 560 208 0
g 560 240 560 256 0
w 688 128 688 224 0
d 560 128 688 128 2 1N4148
a 560 224 688 224 8 15 -15 1000000 0 0 100000
d 336 -64 384 -64 2 default
d 384 -16 432 -16 2 default
d 432 -64 384 -64 2 default
d 384 -16 336 -16 2 default
w 272 96 272 -16 0
w 272 -16 336 -16 0
w 336 -16 336 -64 0
w 432 -16 432 -64 0
w 672 64 672 16 0
w 576 64 576 16 0
d 576 64 624 64 2 default
d 624 16 672 16 2 default
d 624 64 672 64 2 default
d 576 16 624 16 2 default
w 624 16 480 208 0
d 784 64 832 64 2 default
d 832 112 880 112 2 default
d 880 64 832 64 2 default
d 832 112 784 112 2 default
w 720 112 784 112 0
w 784 112 784 64 0
w 880 112 880 64 0
w 1056 240 1056 192 0
w 960 240 960 192 0
w 896 240 960 240 0
d 1008 240 960 240 2 default
d 1056 192 1008 192 2 default
d 1008 240 1056 240 2 default
d 960 192 1008 192 2 default
w 720 112 688 224 0
a 1104 64 1216 64 8 15 -15 1000000 0 0 100000
g 1104 80 1104 96 0
g 624 64 624 80 0
w 672 16 752 16 0
o 3 8 0 4110 2.5 0.1 0 2 3 3
